-----Evolutionary System Temporary Data-----
gen <generation>
	robot<robotNumber>: <actualFitness> <averageFitness> <sensorActivation> <linearVelocity> <rotationTime> <angularVelocity> <sensorAngle>

-----Data-----
gen 1
	robot1: 814.000000 814.000000 1.600000 0.740000 87.000000 1.600000 50.000000
	robot2: 891.000000 891.000000 1.100000 0.810000 58.000000 2.800000 6.000000
	robot3: 626.000000 626.000000 0.600000 0.570000 86.000000 2.800000 69.000000
	robot4: 77.000000 77.000000 1.700000 0.070000 52.000000 2.400000 69.000000
	robot5: 649.000000 649.000000 1.200000 0.590000 12.000000 4.400000 1.000000
	robot6: 891.000000 891.000000 0.900000 0.810000 49.000000 4.200000 63.000000
gen 2
	robot1: 847.000000 830.000000 1.350000 0.775000 72.500000 2.200000 28.000000
	robot2: 891.000000 891.000000 1.100000 0.810000 35.000000 2.800000 6.000000
	robot3: 759.000000 692.000000 0.850000 0.690000 60.500000 2.800000 37.500000
	robot4: 484.000000 280.000000 1.400000 0.440000 43.500000 2.600000 37.500000
	robot5: 770.000000 709.000000 1.150000 0.700000 23.500000 3.350000 3.500000
	robot6: 891.000000 891.000000 1.000000 0.810000 42.000000 3.500000 34.500000
gen 3
	robot1: 869.000000 843.000000 2.137500 0.792500 57.250000 2.850000 31.250000
	robot2: 891.000000 891.000000 1.050000 0.810000 38.500000 3.150000 20.250000
	robot3: 594.000000 659.000000 0.925000 0.545000 51.250000 3.150000 36.000000
	robot4: 682.000000 414.000000 1.200000 0.625000 42.750000 3.050000 36.000000
	robot5: 825.000000 748.000000 1.075000 0.755000 32.750000 3.425000 25.500000
	robot6: 891.000000 891.000000 1.000000 0.810000 42.000000 3.500000 34.500000
gen 4
	robot1: 880.000000 852.000000 1.593750 0.801250 47.875000 2.300000 25.750000
	robot2: 891.000000 891.000000 1.050000 0.810000 38.500000 3.150000 20.250000
	robot3: 737.000000 679.000000 0.987500 0.677500 44.875000 3.150000 28.125000
	robot4: 781.000000 506.000000 1.125000 0.717500 40.625000 3.100000 28.125000
	robot5: 858.000000 775.000000 1.062500 0.782500 35.625000 2.843750 22.875000
	robot6: 891.000000 891.000000 1.025000 0.810000 40.250000 3.325000 27.375000
