-----Evolutionary System Temporary Data-----
gen<generation>:
	robot<robotNumber>: <actualFitness> <averageFitness> <sensorActivation> <linearVelocity> <rotationTime> <angularVelocity> <sensorAngle>

-----Data-----
gen1:
	robot1: 341.000000 341.000000 0.300000 0.110000 42.000000 4.600000 41.000000
	robot2: 2635.000000 2635.000000 2.000000 0.850000 11.000000 1.400000 29.000000
	robot3: 2108.000000 2108.000000 2.500000 0.680000 60.000000 1.600000 31.000000
	robot4: 2356.000000 2356.000000 2.900000 0.760000 16.000000 4.900000 22.000000
	robot5: 1674.000000 1674.000000 1.200000 0.540000 8.000000 0.500000 17.000000
	robot6: 2139.000000 2139.000000 0.700000 0.690000 55.000000 1.400000 62.000000
gen2:
	robot1: 1488.000000 915.000000 1.150000 0.480000 26.500000 3.000000 35.000000
	robot2: 2635.000000 2635.000000 1.500000 0.850000 11.000000 1.400000 29.000000
	robot3: 2356.000000 2232.000000 2.000000 0.765000 35.500000 1.500000 30.000000
	robot4: 2480.000000 2418.000000 2.200000 0.805000 13.500000 3.150000 25.500000
	robot5: 2139.000000 1907.000000 1.350000 0.695000 9.500000 0.950000 23.000000
	robot6: 2387.000000 2263.000000 1.250000 0.770000 33.000000 1.400000 45.500000
gen3:
	robot1: 2046.000000 1292.000000 1.325000 0.665000 18.750000 2.200000 32.000000
	robot2: 2790.000000 2687.000000 1.500000 0.905000 11.000000 1.400000 29.000000
	robot3: 2573.000000 2346.000000 1.750000 0.835000 23.250000 1.450000 29.500000
	robot4: 2635.000000 2490.000000 1.850000 0.855000 12.250000 2.275000 27.250000
	robot5: 2480.000000 2098.000000 1.425000 0.800000 10.250000 1.175000 26.000000
	robot6: 1643.000000 2056.000000 2.187500 0.538750 22.000000 1.400000 37.250000
gen4:
	robot1: 2418.000000 1573.000000 1.412500 0.785000 14.875000 1.800000 30.500000
	robot2: 2790.000000 2713.000000 1.500000 0.905000 11.000000 1.400000 29.000000
	robot3: 2697.000000 2434.000000 1.625000 0.870000 17.125000 1.425000 29.250000
	robot4: 2728.000000 2550.000000 1.675000 0.880000 11.625000 1.837500 28.125000
	robot5: 2635.000000 2232.000000 1.462500 0.852500 10.625000 1.287500 27.500000
	robot6: 2232.000000 2100.000000 1.843750 0.721875 16.500000 1.400000 33.125000
